0.0 0.0 0.0
-0.6777224967453132 -1.0009529267976682 -0.4599899703454289
0.16449968933734194 -2.2260481082097074 -0.9156551095204173
1.0067218754199971 -3.451143289621747 -1.371320248695406
1.8489440615026522 -4.676238471033787 -1.8269853878703943
1.2095346742968789 -6.46008271397114 -1.8063198111960235
0.5701252870911053 -8.243926956908492 -1.7856542345216528
0.9259792882623737 -9.514679593938611 -1.5217918824181156
1.2818332894336422 -10.78543223096873 -1.2579295303145783
1.6376872906049107 -12.056184867998848 -0.9940671782110408
1.993541291776179 -13.326937505028967 -0.7302048261075036
2.349395292947448 -14.597690142059086 -0.4663424740039661
2.7052492941187163 -15.868442779089206 -0.20248012190042886
3.7006359812264744 -16.531983449695833 0.16352627118585528
4.6960226683342325 -17.19552412030246 0.5295326642721394
5.691409355441991 -17.859064790909088 0.8955390573584237
6.696087201126465 -16.750024784527806 0.9368864662812452
7.70076504681094 -15.640984778146523 0.9782338752040668
8.705442892495414 -14.53194477176524 1.0195812841268883
9.710120738179889 -13.422904765383958 1.06092869304971
10.714798583864365 -12.313864759002675 1.1022761019725316
11.719476429548838 -11.204824752621393 1.143623510895353
12.724154275233314 -10.09578474624011 1.1849709198181746
13.810933673075787 -9.640392486126693 1.6040250234698425
15.068935180037117 -9.803319798598693 1.9392780555247422
16.326936686998447 -9.966247111070693 2.274531087579642
17.39390050379781 -10.899291416165918 2.38629834682055
18.46086432059717 -11.83233572126114 2.4980656060614583
19.527828137396533 -12.765380026356365 2.6098328653023666
20.7089400269418 -14.110637379841867 2.6657327434787628
21.890051916487064 -15.455894733327368 2.7216326216551585
23.07116380603233 -16.80115208681287 2.7775324998315547
22.623928506724788 -17.89618785679746 -3.088974840201946
21.47509663581569 -17.16577429042566 -2.629923502588557
20.326264764906586 -16.435360724053858 -2.1708721649751674
19.177432893997484 -15.704947157682057 -1.7118208273617779
18.028601023088385 -14.974533591310255 -1.2527694897483885
19.357738274469316 -14.37938124521258 -0.875949527874363
20.686875525850247 -13.784228899114904 -0.4991295660003373
22.016012777231175 -13.189076553017228 -0.12230960412631164
23.345150028612107 -12.593924206919553 0.2545103577477139
24.674287279993038 -11.998771860821877 0.6313303196217397
26.00342453137397 -11.403619514724202 1.0081502814957652
27.3325617827549 -10.808467168626526 1.3849702433697906
27.565194669215263 -9.048712403240009 1.646811753252342
27.79782755567562 -7.288957637853492 1.9086532631348936
28.030460442135983 -5.529202872466974 2.1704947730174453
27.353640294757323 -3.686135248311316 1.4469965153449635
26.67682014737866 -1.8430676241556583 0.7234982576724818
26.0 0.0 0.0