-30.0 0.0 0.0
-29.514625398978936 1.4227897936593636 0.0817609394901283
-29.02925079795787 2.8455795873187273 0.1635218789802566
-28.543876196936807 4.268369380978091 0.2452828184703849
-28.058501595915743 5.691159174637455 0.3270437579605132
-27.57312699489468 7.113948968296818 0.4088046974506415
-27.087752393873618 8.536738761956181 0.4905656369407698
-26.602377792852554 9.959528555615545 0.5723265764308981
-26.11700319183149 11.38231834927491 0.6540875159210264
-25.631628590810426 12.805108142934273 0.7358484554111547
-25.109227685755236 14.287683104763403 0.8068353192904825
-24.58682678070005 15.77025806659253 0.8778221831698101
-23.92916169298186 17.38685229448006 0.8829023667819433
-23.27149660526367 19.00344652236759 0.8879825503940765
-22.493223197163235 20.22097092467253 0.7618069768116621
-21.714949789062796 21.43849532697747 0.6356314032292476
-20.93667638096236 22.656019729282413 0.5094558296468332
-19.604537197128096 22.97725773236541 0.5669595597750501
-18.272398013293827 23.2984957354484 0.624463289903267
-16.602178731465283 23.591483900076064 0.7210781507673694
-14.93195944963674 23.88447206470373 0.8176930116314717
-13.261740167808195 24.17746022933139 0.914307872495574
-11.662525106396794 24.445484976706318 1.009608976260224
-10.063310044985393 24.71350972408124 1.1049100800248741
-8.464094983573991 24.981534471456165 1.2002111837895242
-6.86487992216259 25.24955921883109 1.2955122875541742
-5.2505144788377125 25.269160829051987 1.3680796525615337
-3.6361490355128345 25.288762439272883 1.4406470175688932
-2.0217835921879566 25.30836404949378 1.5132143825762527
-0.40741814886307903 25.327965659714675 1.5857817475836122
1.2069472944617985 25.34756726993557 1.6583491125909717
2.821312737786677 25.367168880156466 1.7309164775983312
4.4356781811115535 25.386770490377362 1.8034838426056907
6.050043624436432 25.406372100598258 1.8760512076130502
7.6231389273872345 25.388208411354544 1.94325375371329
9.196234230338035 25.370044722110833 2.010456299813529
10.769329533288838 25.35188103286712 2.077658845913769
12.34242483623964 25.333717343623405 2.1448613920140085
13.971358109217766 25.29950553562897 2.2095656585604098
15.600291382195891 25.265293727634532 2.2742699251068106
17.22922465517402 25.231081919640097 2.338974191653212
18.590426605627034 24.724009166791664 2.3332162654829425
19.951628556080053 24.216936413943227 2.327458339312673
21.312830506533068 23.709863661094793 2.3217004131424037
21.73614324408955 22.316493122891316 2.278644530519374
22.159455981646033 20.923122584687835 2.235588647896344
22.58276871920252 19.529752046484358 2.1925327652733144
23.006081456759002 18.136381508280877 2.149476882650285
23.429394194315485 16.7430109700774 2.1064210000272547
23.85270693187197 15.349640431873922 2.063365117404225
24.276019669428454 13.956269893670443 2.0203092347811955
24.699332406984936 12.562899355466964 1.9772533521581657
24.46133129738333 11.174820229045368 1.8672421824204635
24.223330187781727 9.786741102623774 1.757231012682761
23.98532907818012 8.398661976202177 1.6472198429450589
23.747327968578514 7.010582849780582 1.5372086732073567
22.503585291982876 5.8483758948927385 1.3046804844060482
21.259842615387235 4.686168940004896 1.07215229560474
20.016099938791598 3.5239619851170514 0.8396241068034316
19.083292931344868 2.652306768951169 0.6652279652024503
18.150485923898138 1.7806515527852858 0.4908318236014691
17.217678916451412 0.9089963366194032 0.3164356820004879
16.284871909004682 0.03734112045352024 0.1420395403995066
14.592448939990113 0.04993397170785181 0.16192046356250644
12.900025970975546 0.06252682296218337 0.18180138672550628
11.207603001960978 0.07511967421651494 0.2016823098885061
9.515180032946411 0.08771252547084651 0.22156323305150596
7.8227570639318404 0.10030537672517809 0.24144415621450582
6.1303340949172735 0.11289822797950966 0.26132507937750565
4.822855468338451 0.8499670963070729 0.0016094520217483366
3.515376841759628 1.5870359646346361 -0.258106175334009
2.2078982151808053 2.324104832962199 -0.5178218026897663
0.9004195886019826 3.0611737012897624 -0.7775374300455236
0.8465710971138533 4.242607412609575 -1.2534140797210613
0.792722605625724 5.424041123929388 -1.7292907293965991
0.7388741141375947 6.605474835249201 -2.2051673790721367
0.6850256226494655 7.786908546569014 -2.6810440287476744
0.6311771311613361 8.968342257888828 3.126264628756374
0.5773286396732069 10.14977596920864 2.6503879790808362
-0.49834317060238886 10.405516832077417 2.497694822731152
-0.5728481359498823 9.98742706763071 1.6504793133690863
-0.3502097217682236 9.914593621662274 1.3540681909911827
1.9873427086738322 10.185945216246704 1.015551143243387
4.324895139115888 10.457296810831137 0.6770340954955913
6.662447569557944 10.72864840541557 0.3385170477477957
9.0 11.0 0.0