0.0 0.0 0.0
-0.7279787448934636 0.827455608746944 0.5109638161346204
-1.4559574897869272 1.654911217493888 1.0219276322692408
-1.6949792791924907 3.245670823333816 1.2565057583054984
-1.9340010685980542 4.836430429173744 1.491083884341756
-2.173022858003618 6.4271900350136715 1.7256620103780136
-2.490500042758506 7.914709344709734 1.8218633980338228
-2.807977227513394 9.402228654405796 1.9180647856896318
-3.4199254405927464 11.046518999918911 1.90438547670015
-4.031873653672099 12.690809345432026 1.8907061677106685
-4.375135008054299 14.330997360862394 1.7636401695025223
-4.718396362436498 15.971185376292764 1.636574171294376
-5.061657716818697 17.611373391723134 1.5095081730862296
-5.404919071200897 19.251561407153503 1.3824421748780835
-4.7793921138285285 20.651045508950844 1.1703705278982173
-4.15386515645616 22.050529610748185 0.958298880918351
-3.528338199083791 23.450013712545527 0.7462272339384848
-1.9726585988834202 24.01910233989016 0.6726652228050323
-0.41697899868304944 24.588190967234794 0.5991032116715798
1.2162795761126812 24.932520748550587 0.45355246301235685
2.849538150908412 25.27685052986638 0.30800171435313395
2.927117125503772 25.05209168383754 0.23601297682736355
3.6374364686983807 23.690909059422005 -0.05948089422625408
4.3477558118929895 22.32972643500647 -0.3549747652798717
5.058075155087598 20.968543810590937 -0.6504686363334892
5.768394498282207 19.6073611861754 -0.945962507387107
6.478713841476816 18.246178561759866 -1.2414563784407244
7.591688778078735 17.200955602792224 -1.173185844079244
8.704663714680656 16.15573264382458 -1.1049153097177635
9.817638651282575 15.11050968485694 -1.036644775356283
11.200533499413472 14.653535917503534 -0.7608316285259571
12.58342834754437 14.196562150150129 -0.4850184816956311
13.966323195675267 13.739588382796724 -0.20920533486530513
15.349218043806165 13.282614615443318 0.06660781196502086
16.732112891937064 12.825640848089913 0.34242095879534684
18.11500774006796 12.368667080736508 0.6182341056256728
19.50006511494588 13.084051504506752 0.5334205562693596
20.8851224898238 13.799435928276996 0.4486070069130463
22.270179864701724 14.514820352047241 0.36379345755673304
23.655237239579645 15.230204775817485 0.27897990820041974
25.040294614457565 15.94558919958773 0.1941663588441065
26.279223324230145 15.945174246357126 -0.29273942149154963
27.51815203400273 15.944759293126522 -0.7796452018272058
28.757080743775308 15.944344339895919 -1.266550982162862
29.289569834775687 14.364557953416146 -1.2881359706572757
29.822058925776062 12.78477156693637 -1.3097209591516892
30.35454801677644 11.204985180456598 -1.3313059476461029
30.887037107776816 9.625198793976823 -1.3528909361405164
31.419526198777195 8.04541240749705 -1.37447592463493
30.51627183231433 6.704510339580875 -1.1453966038624417
29.613017465851463 5.363608271664701 -0.9163172830899534
28.709763099388596 4.022706203748525 -0.687237962317465
27.80650873292573 2.6818041358323503 -0.45815864154497676
26.903254366462868 1.3409020679161747 -0.22907932077248838
26.0 0.0 0.0