-30.0 0.0 0.0
-29.420616052038394 -1.3551086549914917 -0.11329556290311477
-28.841232104076788 -2.7102173099829834 -0.22659112580622953
-28.261848156115178 -4.065325964974475 -0.3398866887093443
-27.682464208153572 -5.420434619965967 -0.45318225161245906
-27.103080260191966 -6.7755432749574585 -0.5664778145155739
-26.523696312230356 -8.13065192994895 -0.6797733774186886
-25.94431236426875 -9.485760584940442 -0.7930689403218034
-25.364928416307144 -10.840869239931934 -0.9063645032249181
-24.785544468345538 -12.195977894923425 -1.0196600661280328
-24.206160520383932 -13.551086549914917 -1.1329556290311478
-23.626776572422322 -14.906195204906409 -1.2462511919342625
-23.047392624460716 -16.2613038598979 -1.3595467548373772
-22.638695184856253 -17.81606596596023 -0.8912202449322115
-22.229997745251787 -19.37082807202256 -0.42289373502704575
-20.99060439645557 -19.98453779986996 -0.3139473350540899
-19.751211047659353 -20.598247527717355 -0.20500093508113398
-18.51181769886314 -21.211957255564755 -0.09605453510817813
-17.272424350066924 -21.82566698341215 0.01289186486477778
-16.033031001270707 -22.43937671125955 0.1218382648377336
-14.449471595814352 -22.601360931884557 0.13552443409779688
-12.865912190357998 -22.76334515250957 0.14921060335786016
-11.282352784901642 -22.925329373134577 0.1628967726179234
-9.698793379445288 -23.087313593759585 0.17658294187798668
-8.115233973988932 -23.249297814384597 0.19026911113804995
-6.531674568532576 -23.411282035009606 0.20395528039811323
-4.948115163076224 -23.573266255634614 0.21764144965817647
-3.3645557576198666 -23.735250476259623 0.23132761891823977
-1.7809963521635126 -23.897234696884635 0.24501378817830302
-0.19743694670715684 -24.059218917509643 0.25869995743836627
1.3861224587491954 -24.22120313813465 0.27238612669842954
2.9696818642055547 -24.383187358759663 0.2860722959584928
4.553241269661907 -24.54517157938467 0.2997584652185561
6.278108976989828 -24.652554400650917 0.3006487892505281
8.00297668431775 -24.759937221917163 0.3015391132825002
9.72784439164567 -24.867320043183412 0.30242943731447225
11.452712098973592 -24.974702864449657 0.30331976134644434
13.177579806301512 -25.082085685715903 0.3042100853784164
14.486663498775618 -24.250917678568804 0.41619589372795446
15.795747191249722 -23.419749671421705 0.5281817020774926
17.104830883723828 -22.588581664274606 0.6401675104270307
18.20332996439448 -21.650071239718322 0.763363758009356
19.301829045065137 -20.711560815162038 0.8865600055916811
20.40032812573579 -19.773050390605754 1.0097562531740065
21.498827206406443 -18.834539966049473 1.1329525007563317
22.5973262870771 -17.89602954149319 1.2561487483386569
23.69582536774775 -16.957519116936904 1.3793449959209823
23.623612099052377 -15.52576465245659 1.4356142380715886
23.551398830357 -14.094010187976277 1.491883480222195
23.261470101748593 -12.668068282517085 1.571567754382437
22.97154137314018 -11.242126377057891 1.6512520285426788
22.68161264453177 -9.8161844715987 1.730936302702921
22.391683915923362 -8.390242566139506 1.810620576863163
22.101755187314954 -6.964300660680314 1.890304851023405
21.81182645870654 -5.538358755221122 1.969989125183647
21.521897730098132 -4.112416849761928 2.049673399343889
20.44328523616638 -3.304187744915392 2.2750443818738613
19.364672742234625 -2.4959586400688556 2.5004153644038336
18.28606024830287 -1.6877295352223194 2.7257863469338055
17.207447754371117 -0.8795004303757827 2.951157329463778
16.128835260439363 -0.07127132552924653 -3.1066569951858365
14.498417582340801 -0.13202350020830067 -3.092066267359672
12.86799990424224 -0.1927756748873548 -3.0774755395335083
11.23758222614368 -0.25352784956640895 -3.062884811707344
9.607164548045118 -0.3142800242454631 -3.0482940838811796
7.976746869946556 -0.3750321989245172 -3.0337033560550157
6.346329191847996 -0.43578437360357136 -3.0191126282288514
4.715911513749434 -0.4965365482826255 -3.0045219004026875
3.0854938356508725 -0.5572887229616796 -2.989931172576523
1.9331063427179116 0.535776455508632 2.9997452567345353
0.7807188497849507 1.6288416339789435 2.7062363788660075
-0.3716686431480096 2.721906812449255 2.4127275009974793
-1.5240561360809712 3.8149719909195667 2.119218623128951
-2.6764436290139315 4.908037169389878 1.8257097452604238
-2.5939659015591303 4.628376704639571 -1.9753409750330264
-1.1595727073238162 5.444421655409451 -2.1848348843271608
0.27482048691149785 6.260466606179332 -2.394328793621295
1.709213681146812 7.076511556949212 -2.6038227029154295
3.143606875382126 7.8925565077190925 -2.813316612209564
4.57800006961744 8.708601458488973 -3.0228105215036982
6.012393263852754 9.524646409258853 3.0508808763817536
7.446786458088068 10.340691360028734 2.8413869670876193
8.881179652323382 11.156736310798614 2.6318930577934854