-30.0 0.0 0.0
-29.639301665367107 -1.4715524668795004 -0.11973193768505036
-29.278603330734214 -2.9431049337590007 -0.23946387537010072
-28.91790499610132 -4.414657400638501 -0.3591958130551511
-28.557206661468427 -5.8862098675180015 -0.47892775074020144
-28.19650832683553 -7.357762334397503 -0.5986596884252519
-27.835809992202638 -8.829314801277002 -0.7183916261103022
-27.475111657569744 -10.300867268156502 -0.8381235637953525
-27.11441332293685 -11.772419735036003 -0.9578555014804029
-26.753714988303958 -13.243972201915504 -1.0775874391654532
-26.393016653671065 -14.715524668795005 -1.1973193768505037
-26.032318319038172 -16.187077135674507 -1.317051314535554
-25.671619984405275 -17.658629602554004 -1.4367832522206043
-25.310921649772382 -19.130182069433506 -1.5565151899056546
-24.95022331513949 -20.601734536313003 -1.676247127590705
-24.589524980506596 -22.073287003192505 -1.7959790652757552
-24.228826645873703 -23.544839470072006 -1.9157110029608058
-23.86812831124081 -25.016391936951507 -2.035442940645856
-22.312567164522182 -25.02766532697016 -2.020400768798582
-20.757006017803555 -25.03893871698881 -2.005358596951308
-19.201444871084927 -25.05021210700746 -1.9903164251040342
-17.6458837243663 -25.061485497026112 -1.9752742532567602
-16.09032257764767 -25.072758887044763 -1.9602320814094862
-14.534761430929043 -25.084032277063415 -1.9451899095622123
-12.979200284210414 -25.095305667082066 -1.9301477377149383
-11.423639137491786 -25.106579057100713 -1.9151055658676641
-9.868077990773157 -25.117852447119365 -1.9000633940203902
-8.31251684405453 -25.129125837138016 -1.8850212221731162
-6.756955697335904 -25.140399227156667 -1.8699790503258422
-5.201394550617277 -25.15167261717532 -1.8549368784785683
-3.6458334038986457 -25.16294600719397 -1.8398947066312943
-2.0902722571800183 -25.17421939721262 -1.8248525347840203
-0.5347111104613909 -25.185492787231272 -1.8098103629367464
1.0208500362572366 -25.196766177249923 -1.7947681910894724
2.576411182975864 -25.208039567268575 -1.7797260192421984
4.131972329694495 -25.219312957287226 -1.7646838473949242
5.6875334764131225 -25.230586347305877 -1.7496416755476503
7.24309462313175 -25.24185973732453 -1.7345995037003763
8.798655769850377 -25.253133127343176 -1.7195573318531023
10.354216916569001 -25.264406517361827 -1.7045151600058284
11.909778063287632 -25.27567990738048 -1.6894729881585544
13.465339210006256 -25.28695329739913 -1.6744308163112804
15.020900356724894 -25.29822668741778 -1.6593886444640065
16.576461503443518 -25.309500077436432 -1.6443464726167325
18.13202265016215 -25.320773467455084 -1.6293043007694585
19.687583796880773 -25.332046857473735 -1.6142621289221846
21.050390373934796 -24.673773480684154 -1.5118569579701113
22.413196950988823 -24.015500103894574 -1.409451787018038
23.776003528042846 -23.357226727104994 -1.3070466160659648
24.38988122369887 -22.00413062510628 -1.1105551837352259
25.003758919354894 -20.651034523107572 -0.9140637514044868
25.617636615010916 -19.29793842110886 -0.7175723190737477
26.231514310666938 -17.94484231911015 -0.5210808867430088
26.845392006322964 -16.591746217111435 -0.3245894544122696
27.459269701978986 -15.238650115112726 -0.12809802208153065
28.07314739763501 -13.885554013114014 0.06839341024920853
28.687025093291034 -12.532457911115305 0.26488484257994727
29.300902788947056 -11.179361809116592 0.46137627491068645
29.914780484603078 -9.82626570711788 0.6578677072414256
30.5286581802591 -8.473169605119171 0.8543591395721644
31.142535875915126 -7.120073503120459 1.0508505719029038
29.96197124456205 -6.197811296118209 1.3509935040996757
28.78140661320898 -5.275549089115959 1.6511364362964476
27.600841981855904 -4.353286882113709 1.9512793684932193
26.42027735050283 -3.431024675111459 2.251422300689991
25.239712719149757 -2.508762468109209 2.5515652328867633
24.059148087796682 -1.5865002611069592 2.8517081650835348
22.878583456443607 -0.6642380541047097 -3.1313342098992796
21.294042634764697 -0.5542552972552018 -3.136162014551438
19.709501813085783 -0.4442725404056941 -3.140989819203596
18.124960991406873 -0.3342897835561862 3.137367683323832
16.540420169727962 -0.2243070267066784 3.132539878671674
14.955879348049049 -0.11432426985717048 3.1277120740195157
13.371338526370138 -0.004341513007662723 3.1228842693673577
11.786797704691226 0.10564124384184514 3.1180564647151994
10.202256883012316 0.2156240006913529 3.1132286600630414
8.617716061333404 0.32560675754086077 3.108400855410883
7.033175239654492 0.43558951439036875 3.1035730507587247
5.44863441797558 0.5455722712398765 3.0987452461065668
3.8640935962966694 0.6555550280893843 3.0939174414544084
2.279552774617759 0.765537784938892 3.0890896368022505
0.6950119529388452 0.8755205417884 3.084261832150092
-0.8895288687400651 0.9855032986379078 3.079434027497934
-2.4740696904189754 1.0954860554874155 3.074606222845776
-4.058610512097886 1.2054688123369233 3.069778418193618
-5.6431513337768004 1.3154515691864312 3.0649506135414595
-5.612634756149743 2.6734614128343184 -2.885368786023822
-5.582118178522684 4.031471256482206 -2.552502878409517
-5.551601600895626 5.389481100130093 -2.2196369707952126
-5.521085023268569 6.747490943777979 -1.886771063180908
-5.490568445641511 8.105500787425868 -1.5539051555666035
-5.460051868014452 9.463510631073753 -1.221039247952299
-5.429535290387395 10.821520474721641 -0.8881733403379939
-3.62584337908897 10.843830415381436 -0.7771516727957446
-1.8221514677905457 10.866140356041232 -0.6661300052534954
-0.018459556492120832 10.888450296701025 -0.5551083377112462
1.7852323548063032 10.91076023736082 -0.44408667016899694
3.588924266104727 10.933070178020616 -0.33306500262674765
5.392616177403153 10.95538011868041 -0.22204333508449847
7.196308088701577 10.977690059340205 -0.11102166754224929
9.0 11.0 0.0