0.0 0.0 0.0
-1.1378532739540423 -0.3018948111649327 0.42148432753538406
-2.4667601980997853 0.5498296404814416 0.24259813122444515
-3.7956671222455283 1.401554092127816 0.06371193491350624
-5.124574046391271 2.25327854377419 -0.11517426139743264
-6.453480970537014 3.1050029954205645 -0.2940604577083716
-7.782387894682757 3.9567274470669385 -0.4729466540193105
-9.111294818828501 4.808451898713313 -0.6518328503302493
-10.440201742974242 5.660176350359688 -0.8307190466411882
-11.769108667119987 6.511900802006062 -1.0096052429521272
-12.838559192669761 7.973947370364448 -1.1672830309864985
-13.908009718219535 9.435993938722834 -1.3249608190208697
-14.276101888060975 11.048416032017453 -1.398823631419815
-14.644194057902414 12.660838125312072 -1.4726864438187603
-15.012286227743855 14.27326021860669 -1.546549256217706
-15.380378397585295 15.88568231190131 -1.6204120686166512
-15.748470567426734 17.498104405195928 -1.6942748810155965
-15.518853231089873 18.986326988846596 -1.7476527144323526
-15.289235894753013 20.47454957249726 -1.8010305478491087
-15.059618558416151 21.962772156147928 -1.854408381265865
-14.83000122207929 23.450994739798595 -1.907786214682621
-14.600383885742428 24.939217323449263 -1.961164048099377
-14.370766549405568 26.427439907099927 -2.0145418815161333
-14.141149213068706 27.91566249075059 -2.067919714932889
-13.911531876731845 29.403885074401263 -2.1212975483496455
-13.681914540394985 30.892107658051927 -2.1746753817664013
-13.452297204058123 32.380330241702595 -2.2280532151831576
-11.925755483927286 32.4708459303927 -2.3645877730111335
-10.39921376379645 32.5613616190828 -2.5011223308391095
-8.872672043665613 32.651877307772914 -2.637656888667085
-7.346130323534775 32.74239299646302 -2.774191446495061
-5.819588603403938 32.83290868515312 -2.910726004323037
-4.293046883273101 32.923424373843226 -3.047260562151013
-2.7665051631422646 33.01394006253333 3.099390187200598
-1.2399634430114261 33.10445575122344 2.962855629372622
0.28657827711941053 33.194971439913544 2.826321071544646
1.8131199972502472 33.28548712860365 2.68978651371667
2.3342127643478823 32.22928165150259 3.016912646728405
2.8553055314455174 31.173076174401533 -2.939146527439446
3.014756468405323 29.91726803507446 -2.4307461550837433
3.174207405365129 28.661459895747388 -1.922345782728041
3.772365459970437 27.277608339993265 -1.7893612679006141
4.370523514575745 25.893756784239137 -1.6563767530731872
4.9686815691810535 24.509905228485014 -1.5233922382457605
5.566839623786361 23.12605367273089 -1.3904077234183334
6.16499767839167 21.742202116976763 -1.2574232085909067
6.763155732996978 20.358350561222643 -1.12443869376348
7.361313787602286 18.974499005468516 -0.991454178936053
7.959471842207594 17.59064744971439 -0.858469664108626
8.557629896812902 16.206795893960265 -0.7254851492811993
9.15578795141821 14.822944338206142 -0.5925006344537725
10.501440762661032 14.220017850048915 -0.4300473531062925
11.847093573903855 13.617091361891687 -0.26759407175881245
13.192746385146677 13.01416487373446 -0.1051407904113324
14.538399196389499 12.411238385577231 0.05731249093614765
15.88405200763232 11.808311897420005 0.2197657722836277
17.000465002675156 12.707972514849462 0.37293844478803173
18.116877997717996 13.607633132278918 0.5261111172924358
19.233290992760836 14.507293749708374 0.6792837897968399
20.34970398780367 15.406954367137832 0.8324564623012439
21.466116982846508 16.30661498456729 0.985629134805648
22.582529977889347 17.206275601996744 1.138801807310052
23.698942972932187 18.1059362194262 1.2919744798144561
24.815355967975023 19.00559683685566 1.4451471523188602
24.668653711325913 20.49134743858759 1.6632286052820902
24.521951454676806 21.977098040319515 1.8813100582453202
24.375249198027696 23.462848642051444 2.09939151120855
24.228546941378585 24.94859924378337 2.31747296417178
24.081844684729475 26.4343498455153 2.53555441713501
23.93514242808037 27.92010044724723 2.7536358700982397
23.788440171431258 29.405851048979155 2.97171732306147
23.641737914782148 30.891601650711085 -3.093386531154886
23.49503565813304 32.37735225244301 -2.8753050781916567
23.34833340148393 33.86310285417494 -2.6572236252284265
24.7605471161903 33.417645111629085 -2.7753665069481546
26.172760830896667 32.97218736908323 -2.893509388667883
27.58497454560304 32.52672962653738 -3.0116522703876116
28.997188260309407 32.081271883991526 -3.1297951521073397
30.409401975015776 31.63581414144567 3.0352472733525184
31.821615689722144 31.19035639889982 2.91710439163279
33.23382940442851 30.744898656353968 2.7989615099130614
34.64604311913488 30.299440913808112 2.6808186281933337
35.41689656825553 28.962762882006302 2.5712151140713773
36.18775001737619 27.626084850204496 2.461611599949421
36.95860346649684 26.289406818402686 2.3520080858274643
37.7294569156175 24.952728786600876 2.242404571705508
38.50031036473815 23.61605075479907 2.132801057583551
39.271163813858806 22.27937272299726 2.023197543461595
40.042017262979456 20.94269469119545 1.9135940293396383
40.000047885818425 19.44178850274139 1.86872322498751
39.958078508657394 17.94088231428733 1.8238524206353817
39.91610913149636 16.43997612583327 1.7789816162832535
39.87413975433533 14.939069937379205 1.7341108119311253
39.8321703771743 13.438163748925145 1.6892400075789968
39.79020100001327 11.937257560471085 1.6443692032268686
39.74823162285224 10.436351372017024 1.5994983988747404
39.70626224569121 8.935445183562964 1.554627594522612
38.70092202789101 7.770372873180524 1.3918557043898574
37.69558181009081 6.605300562798085 1.2290838142571026
36.69024159229061 5.440228252415646 1.066311924124348
35.68490137449041 4.275155942033207 0.9035400339915932
34.67956115669021 3.1100836316507667 0.7407681438588385
33.674220938890016 1.9450113212683284 0.5779962537260838
32.66888072108981 0.7799390108858886 0.41522436359332904
30.445920480726542 0.5199593405905925 0.2768162423955527
28.22296024036327 0.25997967029529623 0.13840812119777635
26.0 0.0 0.0